178 175 177 183 184 177 171 170 166 169 172 174 178 177 167 155 167 169 169 167 168 170 164 155 161 158 156 155 155 152 147 142 144 145 144 140 137 138 141 142 140 140 140 144 154 163 163 156 154 157 161 160 158 158 161 165 159 160 161 160 156 154 153 153 169 168 165 163 161 159 
184 185 186 184 182 178 175 173 170 172 173 173 176 177 169 159 171 167 163 161 162 161 160 158 153 151 149 149 147 139 126 116 111 108 110 114 112 106 106 111 115 119 120 119 122 128 132 131 148 149 152 156 159 160 159 157 159 161 163 164 164 165 167 169 167 167 165 164 163 163 
180 186 186 178 175 177 176 170 169 170 169 168 170 173 169 162 169 161 157 161 161 155 154 158 140 128 114 106 106 106 102 98 99 96 101 110 109 100 98 103 100 102 99 95 102 126 154 172 130 127 128 134 144 152 154 153 154 157 160 162 163 165 169 171 166 166 166 166 167 167 
175 183 182 173 173 180 175 161 162 164 163 162 165 170 169 165 172 161 158 163 157 141 134 139 141 127 110 104 109 116 120 120 113 118 123 124 124 124 123 121 130 128 119 107 107 124 146 159 118 114 109 110 117 126 133 137 145 149 154 157 158 159 161 162 165 166 167 168 169 169 
180 185 182 176 179 185 173 152 160 163 165 164 167 171 170 166 170 156 149 148 137 119 113 120 130 127 126 132 140 143 139 133 123 137 140 129 129 142 144 134 135 138 138 134 131 126 118 109 120 119 116 111 107 107 111 115 129 134 142 149 153 156 158 160 164 165 166 168 169 169 
182 184 181 177 179 178 163 144 163 169 172 171 170 168 163 156 141 131 124 122 118 114 120 130 128 128 130 136 142 144 142 140 133 145 145 133 133 147 152 144 137 139 142 146 150 149 137 122 118 124 129 128 122 117 115 116 110 116 124 133 140 147 153 157 159 161 163 165 167 167 
177 178 179 178 175 168 159 153 164 171 175 171 164 154 140 129 113 114 115 117 121 128 138 145 147 147 146 146 147 150 153 156 139 139 139 139 139 141 145 149 163 158 151 147 151 156 152 144 129 131 135 137 136 134 131 130 114 116 117 120 124 132 141 147 152 154 158 162 164 165 
174 177 182 184 177 168 167 172 160 168 172 166 153 136 117 103 109 120 129 132 135 139 141 139 140 147 156 161 159 154 149 147 137 124 125 139 139 126 129 146 143 143 142 143 149 155 154 148 154 147 139 134 134 135 133 131 136 132 125 119 118 123 132 139 146 149 154 159 163 165 
167 179 184 177 173 176 173 165 169 166 158 141 124 115 118 124 125 129 137 143 144 141 139 140 136 143 151 151 142 136 142 153 147 127 134 137 121 131 149 137 124 146 149 135 141 164 163 142 149 144 140 141 143 143 139 134 132 131 129 127 127 127 128 128 141 145 151 153 154 155 
168 177 179 171 169 173 174 168 165 155 140 126 119 122 129 135 137 135 135 139 144 148 150 152 151 138 131 139 151 149 136 124 119 107 110 112 101 109 121 114 123 142 152 145 140 146 148 143 150 147 144 143 143 142 139 136 133 132 131 131 132 134 136 137 141 145 149 151 149 148 
157 167 173 170 169 171 169 162 149 137 123 118 123 132 139 141 145 142 139 141 146 152 154 154 142 139 139 139 129 107 85 73 57 55 54 53 52 55 58 59 93 105 122 137 145 147 149 151 151 151 150 147 143 140 139 140 136 135 134 134 135 136 138 140 144 148 153 156 155 152 
148 160 171 174 173 168 157 145 129 124 121 125 134 140 141 138 142 146 148 148 149 150 148 144 139 137 131 112 81 55 45 48 58 62 58 56 62 61 58 63 59 62 76 103 134 154 157 153 151 154 155 151 144 140 140 142 139 137 135 134 133 133 134 135 142 147 154 159 162 162 
160 167 173 174 169 159 145 133 122 125 129 135 139 140 140 138 139 148 154 151 147 146 144 140 146 114 77 57 53 54 55 56 50 55 52 51 57 55 51 55 52 54 55 66 95 130 148 149 147 152 156 154 146 141 141 143 138 137 135 134 133 133 134 135 136 140 147 155 160 162 
180 178 172 166 158 149 138 131 129 132 135 136 136 137 141 145 143 151 153 146 142 143 141 136 110 79 49 43 54 61 58 52 55 55 57 58 57 58 58 57 54 61 58 47 54 87 126 148 140 147 154 154 149 144 142 143 137 136 135 135 136 138 139 141 138 140 146 153 158 161 
179 172 163 156 150 143 137 133 134 135 137 137 137 139 143 147 147 152 150 143 141 140 128 111 63 58 56 58 57 51 46 45 53 44 52 56 46 50 58 48 53 56 58 51 46 58 94 127 133 140 149 154 152 147 143 141 138 137 136 136 137 138 140 142 142 143 146 153 159 162 
161 156 152 150 148 143 136 133 132 134 136 140 142 144 144 144 148 151 148 144 145 138 110 80 58 54 53 54 52 49 51 55 58 42 54 61 45 52 64 49 57 50 54 64 58 48 62 89 129 136 146 153 154 149 143 139 140 139 137 136 135 135 136 137 140 140 143 150 157 162 
153 151 151 152 149 140 135 135 135 135 137 142 142 140 142 146 155 163 152 139 141 130 92 60 56 56 55 54 52 51 50 50 50 51 52 52 50 49 51 52 56 55 55 54 54 53 53 52 108 148 141 148 156 140 142 137 139 138 141 144 141 134 133 136 141 140 141 146 153 158 
156 155 155 155 149 140 136 138 138 136 137 141 142 142 147 153 137 135 134 140 134 100 61 45 53 53 53 53 53 52 52 52 51 52 54 54 52 51 52 53 54 54 54 54 54 53 53 53 84 128 133 142 152 142 143 136 132 131 134 140 142 140 141 145 142 141 142 147 154 159 
160 160 161 159 150 139 137 141 140 137 137 140 142 144 151 159 148 132 136 153 135 83 53 59 51 51 52 52 53 53 53 54 51 53 56 56 54 53 53 53 53 53 53 53 53 54 54 54 60 108 128 140 150 148 149 139 137 133 132 136 138 137 137 139 142 141 142 147 155 160 
163 164 165 160 148 137 137 143 141 139 139 142 142 143 148 155 152 128 129 139 108 59 48 66 51 52 52 52 53 53 53 53 50 53 56 56 55 53 52 53 52 52 53 53 54 54 55 55 51 95 127 141 148 154 154 145 141 134 130 132 133 131 131 133 142 140 141 146 153 159 
165 165 165 159 147 136 136 143 140 139 140 143 142 139 140 145 149 131 130 122 80 48 50 61 54 54 54 53 53 53 52 52 50 52 54 55 53 52 52 52 53 53 53 54 55 55 56 56 52 82 122 138 143 152 151 144 137 132 129 132 134 134 136 140 140 138 138 143 151 157 
168 165 163 157 146 137 137 143 140 139 140 142 139 134 134 137 147 139 140 119 73 55 61 55 56 56 55 55 54 54 54 53 51 53 54 53 51 51 52 54 55 55 55 56 56 56 56 56 52 66 112 133 137 146 142 140 142 139 138 138 135 132 135 140 139 137 137 141 149 156 
171 166 161 156 148 140 139 143 142 139 138 138 135 131 132 136 141 131 131 106 58 48 57 43 55 56 56 56 56 57 57 57 55 55 54 52 51 51 54 57 58 58 58 57 57 57 57 57 55 53 105 137 142 148 139 141 142 142 143 141 133 127 130 138 140 137 137 142 150 157 
173 166 160 155 149 143 141 144 143 139 136 135 132 129 133 139 151 133 129 102 54 49 63 50 54 54 55 57 58 59 60 61 57 57 55 53 51 52 56 60 60 60 59 59 58 57 57 57 58 48 105 145 152 156 143 147 128 132 137 138 132 127 134 145 141 139 138 142 151 158 
169 169 164 153 146 144 144 142 142 137 138 140 133 123 126 138 146 138 140 92 53 57 49 51 57 55 54 55 53 66 66 55 56 57 56 55 53 54 56 59 60 60 58 71 42 86 47 52 55 51 106 127 124 148 148 141 138 138 137 134 132 133 136 138 144 142 141 144 151 156 
169 169 164 153 146 145 144 142 143 138 138 143 139 132 136 146 142 131 131 90 56 61 55 57 49 54 51 69 62 55 48 75 56 57 57 56 54 55 58 61 63 70 76 75 76 47 58 77 56 57 110 130 128 150 153 146 139 139 138 135 133 134 137 139 143 140 139 143 150 157 
169 170 164 154 147 145 144 142 142 136 136 142 144 142 145 153 148 135 129 93 58 55 52 53 61 72 57 56 63 72 54 51 55 56 57 56 56 57 61 64 60 85 56 67 67 58 66 60 56 66 115 136 135 153 158 151 140 140 139 136 134 135 138 140 141 138 137 141 149 157 
169 170 165 155 148 146 144 142 140 134 133 138 143 144 148 153 148 138 130 101 63 48 50 56 54 50 72 61 62 59 75 57 55 56 57 57 57 59 63 66 75 71 88 112 104 70 74 54 54 76 121 142 143 154 158 149 141 141 140 137 135 136 139 142 143 140 138 141 149 156 
168 170 166 156 149 147 145 142 141 136 133 136 140 143 146 150 138 134 129 113 73 48 59 69 58 66 202 227 167 51 75 65 55 56 57 58 58 60 64 67 80 44 226 255 251 76 81 65 53 89 127 148 150 152 154 143 142 142 140 138 136 136 139 142 145 142 140 143 150 156 
168 170 166 157 150 147 145 141 143 141 138 137 138 141 145 149 141 138 133 128 87 50 61 69 65 95 255 255 193 58 75 46 55 56 57 57 58 60 63 66 76 50 232 255 218 74 70 62 62 107 136 153 154 148 153 141 141 141 140 138 136 136 139 142 146 144 143 146 152 158 
168 170 167 158 150 148 145 141 142 143 141 137 135 137 143 148 151 144 134 140 103 57 61 61 54 65 123 103 72 43 74 56 55 56 57 57 57 58 62 65 82 72 94 101 52 53 61 60 77 127 145 157 155 147 155 145 141 141 139 137 135 135 138 141 144 143 144 149 156 161 
168 170 167 158 151 148 145 141 139 142 141 135 131 134 141 147 149 139 128 144 116 69 70 64 77 66 51 49 51 51 53 62 55 56 57 56 56 58 61 64 68 80 58 69 75 67 73 55 90 141 151 158 156 146 158 150 140 140 139 136 134 135 138 140 142 142 144 151 159 164 
171 171 168 162 155 147 142 139 140 141 142 139 136 136 140 144 146 140 142 148 136 103 72 58 64 68 70 67 60 56 57 60 61 58 55 53 52 54 57 59 61 68 71 66 63 65 66 65 131 142 153 157 157 157 154 150 146 140 134 134 140 145 146 145 140 143 150 157 162 165 
173 172 169 163 156 148 142 139 139 141 143 142 140 139 140 142 153 147 141 141 139 122 87 56 60 54 50 53 61 63 58 52 52 53 56 59 61 62 62 62 70 59 57 64 61 55 72 98 136 145 152 152 151 150 148 144 143 139 134 135 140 145 145 143 139 143 150 157 162 165 
175 173 170 165 158 150 143 139 138 141 144 145 144 142 141 141 149 151 146 140 140 136 108 76 55 61 66 66 61 58 59 61 53 54 55 57 57 57 57 56 55 57 65 67 57 56 91 134 144 150 152 149 147 147 146 143 140 137 135 137 141 144 144 142 140 144 151 158 163 166 
177 175 171 167 161 153 145 139 140 142 144 144 144 143 143 143 137 148 154 148 141 135 125 114 53 59 63 59 51 48 52 57 58 56 53 52 52 53 56 58 53 62 62 53 61 94 130 150 153 155 154 149 147 149 149 147 137 136 136 138 142 144 143 141 143 146 153 159 164 167 
178 175 172 169 164 157 148 141 144 143 142 141 142 144 145 146 142 144 151 155 147 134 132 139 96 75 52 46 54 61 59 52 54 54 54 55 56 58 60 62 65 56 45 52 91 139 159 154 160 160 155 148 145 147 146 143 135 136 137 140 143 144 144 143 147 150 156 162 167 169 
178 175 172 170 168 161 151 144 145 142 140 139 142 144 146 146 157 146 145 155 155 142 137 141 140 116 85 62 55 55 55 54 54 56 57 58 58 55 52 50 49 55 78 111 136 146 151 158 160 159 153 145 141 141 138 133 135 137 139 141 143 144 145 145 152 155 161 166 169 170 
177 174 172 172 170 165 155 146 142 140 139 140 144 146 145 143 157 155 154 155 152 147 144 144 141 138 126 101 72 54 51 56 62 60 57 55 55 57 59 61 66 93 130 152 150 140 146 159 151 151 147 142 141 141 137 131 137 138 140 141 143 145 147 148 157 160 165 169 171 172 
177 174 172 172 172 167 156 148 139 138 139 142 146 147 144 140 143 162 170 157 144 145 152 154 145 150 153 147 132 110 89 77 66 60 53 51 58 73 89 100 134 145 143 129 132 153 163 157 141 142 142 141 143 146 143 136 138 139 141 142 143 145 148 151 161 163 167 171 173 172 
175 176 176 175 173 169 166 163 148 142 140 145 146 141 139 142 149 151 153 154 155 156 158 161 156 150 144 143 145 145 139 133 130 121 118 126 136 141 141 141 146 155 152 135 129 140 151 152 149 141 136 140 144 143 141 141 138 133 133 140 143 142 145 151 162 167 173 175 174 172 
176 176 177 176 174 170 167 165 153 146 143 146 146 142 141 143 148 150 151 151 150 150 152 153 155 151 148 151 156 158 155 151 156 147 143 148 153 150 143 139 144 155 159 150 145 150 151 145 145 138 134 138 142 140 138 138 138 137 139 144 144 143 150 159 167 171 175 176 174 171 
177 177 177 176 174 171 169 167 159 153 148 147 146 142 141 143 147 148 148 147 145 143 144 145 150 148 148 152 158 161 161 159 157 151 150 158 164 161 152 147 138 146 151 148 148 149 145 137 139 134 132 137 141 140 138 139 136 139 143 145 144 145 154 166 160 164 168 172 173 175 
177 177 177 176 175 173 171 169 164 158 151 147 144 142 141 141 144 145 145 144 141 140 140 141 148 147 148 150 154 156 157 156 145 140 142 154 164 164 159 155 145 145 143 141 144 147 145 141 138 134 133 139 142 141 140 142 140 141 144 146 148 153 161 169 174 173 172 169 164 160 
176 176 176 175 174 173 172 171 167 162 155 147 144 142 140 138 140 142 143 142 140 139 140 141 149 151 152 153 153 153 155 156 147 140 140 149 158 160 156 153 161 153 147 148 149 149 147 146 144 139 138 141 142 139 138 140 143 142 141 145 153 162 166 166 166 164 162 160 158 157 
175 175 174 174 173 173 172 172 168 166 158 149 145 144 140 135 138 140 141 141 140 139 140 142 144 148 151 150 148 148 151 155 144 137 134 143 152 155 153 151 156 148 146 151 150 142 136 136 146 141 138 138 136 132 133 136 138 136 135 139 150 161 162 157 157 155 153 153 156 158 
174 173 173 172 172 172 172 172 169 169 162 153 148 147 142 135 138 139 140 140 138 138 139 140 139 144 147 145 141 139 143 147 141 134 132 141 151 154 151 150 145 139 140 150 150 141 137 141 134 130 128 128 127 126 130 136 136 139 141 144 152 162 163 158 176 170 162 156 153 150 
173 172 172 171 171 171 172 172 170 171 165 155 151 150 144 136 138 140 140 139 137 136 136 137 142 147 149 146 139 135 138 143 152 144 142 149 155 154 148 144 150 142 144 155 159 154 157 169 119 116 115 118 121 124 132 140 145 153 158 159 163 171 174 171 158 154 151 153 158 164 
165 164 172 176 169 169 171 164 165 164 163 160 155 149 143 140 137 142 136 132 136 133 128 134 134 137 142 153 126 140 138 127 138 136 137 140 138 130 125 125 118 115 108 159 173 121 124 159 128 127 130 140 153 163 166 165 174 165 167 171 163 160 161 156 155 166 166 162 168 168 
152 151 161 166 160 161 164 158 164 164 162 160 155 150 144 141 136 139 131 125 126 120 114 118 120 125 137 159 142 155 141 117 112 109 109 113 114 111 112 115 122 125 112 141 157 129 140 169 164 159 156 159 165 169 168 165 176 168 170 173 163 160 164 161 164 172 168 163 169 172 
